[
  {
    "name": "0801",
    "zkx": 50.09435000000056,
    "zky": 74.52844999998808,
    "zkz": 0.87737,
    "xyz": [0.87737, 99.99, -0.7396299999999999, -0.93643, 99.99, 99.99, 99.99, 99.99, 99.99, -0.9756300000000002, -1.13713, -1.16033, -1.2122300000000001, 99.99, 99.99, -1.2246299999999999, -1.45803, -1.48873, -1.7563300000000002, -1.8031300000000001, -1.94223, -2.00513, -2.13643, -2.48373]
  },
  {
    "name": "0802",
    "zkx": 46.27708000000101,
    "zky": 69.17237000003458,
    "zkz": 0.8540000000000001,
    "xyz": [0.8540000000000001, 0.8540000000000001, 0.7040000000000001, -0.41, 99.99, 99.99, 99.99, 99.99, 99.99, -0.47400000000000003, -0.9693, -0.9963, -1.0801999999999998, -1.0993000000000002, 99.99, -1.2441, -1.7897999999999998, -1.8278999999999999, -1.9754999999999998, -2.0324999999999998, -2.1962999999999995, -2.2534, -2.3507000000000002, -2.5296000000000003]
  },
  {
    "name": "1601",
    "zkx": 43.406099999998695,
    "zky": 80.51159999996423,
    "zkz": 0.8342,
    "xyz": [0.8342, 0.7526999999999999, 0.41370000000000007, -1.0728, -1.1988, -1.3938, -1.4788, -1.7457999999999998, -1.9657999999999998, -2.0307999999999997, -2.4027999999999996, -2.4447999999999994, -2.5027999999999997, -2.5208, 99.99, -2.5934, -3.0899, -3.1203, -3.3393, -3.3943, -3.5616999999999996, -3.6077999999999997, -3.6649000000000003, -4.1924]
  },
  {
    "name": "1602",
    "zkx": 44.01620000000112,
    "zky": 84.55468999996782,
    "zkz": 0.81928,
    "xyz": [0.81928, 0.7797799999999999, 0.6677799999999999, -1.29822, 99.99, 99.99, 99.99, -1.33972, -1.35672, -1.37222, -1.63372, -1.6654200000000001, -1.7717200000000002, -1.7767200000000003, 99.99, 99.99, 99.99, 99.99, 99.99, 99.99, 99.99, 99.99, -2.0097199999999997, -2.51392]
  },
  {
    "name": "1901",
    "zkx": 47.751400000001304,
    "zky": 79.365,
    "zkz": 0.9087999999999999,
    "xyz": [0.9087999999999999, 0.7522999999999999, 0.6233, -0.8377000000000001, -0.9481999999999999, -1.7947000000000002, -1.9597000000000002, -2.1727, -2.3392, -2.4032, -2.7714, -2.8144, -2.8974, -2.9063999999999997, 99.99, -3.0592, -3.6394, -3.6684, -3.8802, -3.9267000000000003, 99.99, -3.9837000000000002, -4.1602, -4.6612]
  },
  {
    "name": "1902",
    "zkx": 46.41310000000056,
    "zky": 78.9710000000149,
    "zkz": 0.9006000000000001,
    "xyz": [0.9006000000000001, 0.7615999999999999, 0.6256, -0.9649000000000001, -1.0184, -1.6813999999999998, -1.9458999999999997, -2.1104000000000003, -2.2694, -2.3164, -2.4969, -2.5354, -2.6144, -2.6349, -2.8419, -2.8484, -3.1579, 99.99, 99.99, -3.2149, -3.2839, -3.3399, -3.4183999999999997, -3.9467000000000003]
  },
  {
    "name": "4011",
    "zkx": 57.57,
    "zky": 83.775,
    "zkz": 0.977,
    "xyz": [0.977, 0.8185000000000001, 0.6923, -1.5226, -1.5933, -1.8190000000000004, -1.8744, -2.32, -2.3579000000000003, -2.4387, -2.8310000000000004, -2.8752000000000004, -2.9691, -2.9937, -3.3435, -3.3676, -3.7910000000000004, 99.99, -3.8209000000000004, -3.9026, -4.0789, -4.0911, 99.99, 99.99]
  },
  {
    "name": "4015",
    "zkx": 72.83919999999925,
    "zky": 94.51460000000894,
    "zkz": 0.8758,
    "xyz": [0.8758, 0.6928, 0.5108, -1.5392000000000001, -1.6251999999999998, -2.0952, -2.1512000000000002, 99.99, 99.99, 99.99, 99.99, 99.99, 99.99, 99.99, 99.99, 99.99, 99.99, 99.99, 99.99, 99.99, 99.99, 99.99, 99.99, 99.99]
  },
  {
    "name": "4019",
    "zkx": 87.14,
    "zky": 98.04,
    "zkz": 0.862,
    "xyz": [0.862, 0.6728000000000001, 0.49400000000000005, -1.2584, 99.99, 99.99, 99.99, 99.99, 99.99, 99.99, 99.99, 99.99, 99.99, -1.3708999999999998, -1.7428000000000003, -1.7645, -2.0957999999999997, -2.1362, -2.2879, -2.3452, 99.99, 99.99, 99.99, 99.99]
  },
  {
    "name": "4025",
    "zkx": 56.33,
    "zky": 69.92,
    "zkz": 0.9840000000000001,
    "xyz": [0.9840000000000001, 0.8497, 99.99, 0.7083000000000002, 99.99, 99.99, 99.99, 99.99, 99.99, 99.99, 99.99, 99.99, 99.99, 99.99, 99.99, -0.20579999999999998, -0.8578999999999999, -0.9353, -0.9362999999999999, -1.0190000000000001, -1.1479, -1.2010999999999998, -1.2689, -1.4058]
  },
  {
    "name": "4028",
    "zkx": 78.10919999999925,
    "zky": 94.33240000002087,
    "zkz": 0.8737,
    "xyz": [0.8737, 0.7313000000000001, 0.5204000000000001, -1.5909, 99.99, 99.99, 99.99, -1.6474000000000002, -1.7042000000000002, -1.7496999999999998, -1.9669999999999999, -1.9742000000000002, -2.1324, -2.1447, -2.3956, -2.4202, -2.822, -2.8918, -2.9174, -2.9824, -3.1830000000000003, -3.2443, -3.3533, -3.3761]
  },
  {
    "name": "4030",
    "zkx": 67.19,
    "zky": 76.99,
    "zkz": 0.9359999999999999,
    "xyz": [0.9359999999999999, 0.7794999999999999, 0.5374, -0.9696000000000001, 99.99, 99.99, 99.99, 99.99, 99.99, 99.99, 99.99, 99.99, 99.99, -1.0285, -1.2978, -1.3120000000000003, -1.5473000000000001, -1.5901000000000003, -1.6527, -1.7189, -1.8742999999999999, -1.9427, 99.99, 99.99]
  },
  {
    "name": "4031",
    "zkx": 77.27,
    "zky": 84.11,
    "zkz": 0.91,
    "xyz": [0.91, 0.74, 0.5722, -0.87, 99.99, 99.99, 99.99, 99.99, 99.99, -1.015, -1.215, -1.2357, -1.3056999999999999, -1.3146, -1.607, -1.6257, 99.99, 99.99, 99.99, 99.99, 99.99, 99.99, 99.99, 99.99]
  },
  {
    "name": "4033",
    "zkx": 49.196400000001304,
    "zky": 66.07890000000596,
    "zkz": 0.8896,
    "xyz": [0.8896, 0.8519, 0.7766, -0.12470000000000013, 99.99, 99.99, 99.99, 99.99, 99.99, -0.2114, -0.5816000000000001, -0.6025000000000001, -0.6877, -0.7016000000000001, 99.99, -1.0244000000000002, -1.3538999999999999, -1.393, -1.5590000000000004, -1.6541000000000003, -1.8168, -1.8376000000000006, 99.99, 99.99]
  },
  {
    "name": "4042",
    "zkx": 74.68,
    "zky": 90.46,
    "zkz": 0.898,
    "xyz": [0.898, 0.711, 0.5126, -1.5161000000000002, 99.99, 99.99, 99.99, -1.6007999999999998, -1.8988, -1.9402999999999997, 99.99, 99.99, 99.99, 99.99, 99.99, 99.99, 99.99, 99.99, 99.99, 99.99, 99.99, 99.99, 99.99, 99.99]
  },
  {
    "name": "4043",
    "zkx": 72.11,
    "zky": 85.63,
    "zkz": 0.9179,
    "xyz": [0.9179, 0.7894000000000001, 0.5094000000000001, -1.3871999999999998, 99.99, 99.99, -1.4496999999999998, -1.6089999999999998, -1.835, -1.9021999999999997, 99.99, 99.99, 99.99, -2.1913, -2.4598999999999993, -2.4798999999999993, -2.9046999999999996, 99.99, -2.9928, -3.0906000000000002, -3.2665999999999995, -3.3221999999999996, -3.4621999999999997, -3.4671]
  },
  {
    "name": "4044",
    "zkx": 85.09,
    "zky": 85.37,
    "zkz": 0.898,
    "xyz": [0.898, 0.7661, 0.5409999999999999, -0.7620999999999999, 99.99, 99.99, 99.99, 99.99, 99.99, 99.99, 99.99, 99.99, 99.99, 99.99, 99.99, 99.99, 99.99, -0.9224, -1.0507, -1.1186999999999998, -1.1186999999999998, 99.99, 99.99, 99.99]
  },
  {
    "name": "4045",
    "zkx": 79.83,
    "zky": 79.26,
    "zkz": 0.938,
    "xyz": [0.938, 0.7654, 0.614, -0.8344000000000001, 99.99, 99.99, 99.99, 99.99, 99.99, 99.99, 99.99, 99.99, 99.99, 99.99, 99.99, 99.99, 99.99, -0.9752, -1.3263, -1.3775, -1.5305000000000002, -1.5364999999999998, -1.6563999999999999, -1.6780000000000002]
  },
  {
    "name": "4046",
    "zkx": 73.66,
    "zky": 76.76,
    "zkz": 0.9470000000000001,
    "xyz": [0.9470000000000001, 0.7888, 0.586, -0.7979999999999999, 99.99, 99.99, 99.99, 99.99, 99.99, 99.99, 99.99, 99.99, 99.99, 99.99, 99.99, 99.99, 99.99, -0.847, -1.3313, -1.3510000000000002, -1.6095999999999997, -1.7746000000000004, 99.99, 99.99]
  },
  {
    "name": "4050",
    "zkx": 59.711299999998886,
    "zky": 78.8395000000298,
    "zkz": 0.9495999999999999,
    "xyz": [0.9495999999999999, 99.99, 0.8455999999999999, -0.08910000000000011, 99.99, 99.99, 99.99, 99.99, 99.99, 99.99, 99.99, 99.99, 99.99, 99.99, 99.99, 99.99, 99.99, 99.99, 99.99, 99.99, 99.99, -0.1277000000000001, -0.38440000000000013, -0.4311]
  },
  {
    "name": "4052",
    "zkx": 91.86,
    "zky": 86.49,
    "zkz": 0.833,
    "xyz": [0.833, 0.6866, 0.47979999999999995, -0.7056000000000001, 99.99, 99.99, 99.99, 99.99, 99.99, 99.99, 99.99, 99.99, 99.99, 99.99, 99.99, 99.99, 99.99, -0.882, -0.9456, -1.0062, 99.99, 99.99, -1.3899000000000001, -1.5129000000000001]
  },
  {
    "name": "8302",
    "zkx": 43.85629999999888,
    "zky": 78.8639999999851,
    "zkz": 0.8323999999999999,
    "xyz": [0.8323999999999999, 0.8014, 0.6322999999999999, -0.9795999999999999, -1.1266, -1.3136, -1.9395999999999998, 99.99, -2.0683, 99.99, 99.99, 99.99, 99.99, 99.99, 99.99, -2.1266, -2.5873000000000004, -2.6258999999999997, -2.8253, -2.8593, -3.0778, -3.1008999999999998, -3.1889, -3.2255000000000003]
  },
  {
    "name": "8304",
    "zkx": 43.41520000000018,
    "zky": 71.66759999997913,
    "zkz": 0.8426,
    "xyz": [0.8426, 0.7176, 0.6426000000000001, -0.7123999999999999, 99.99, 99.99, 99.99, -0.7474, -0.9247, -0.9877999999999999, -1.4780000000000002, -1.5202999999999998, -1.7113, -1.723, 99.99, -2.2182999999999997, -2.2673, -2.3, -2.5294, -2.5706, 99.99, 99.99, 99.99, 99.99]
  },
  {
    "name": "8306",
    "zkx": 47.43259999999776,
    "zky": 63.48780000001192,
    "zkz": 0.8756,
    "xyz": [0.8756, 99.99, 99.99, -0.2864, 99.99, 99.99, 99.99, -0.3203999999999999, 99.99, 99.99, 99.99, 99.99, 99.99, 99.99, 99.99, 99.99, 99.99, -0.6787000000000001, -0.7044, -0.7494, 99.99, 99.99, -1.0824, -1.1517]
  },
  {
    "name": "8307",
    "zkx": 42.26089999999851,
    "zky": 65.59700000002981,
    "zkz": 0.8809999999999999,
    "xyz": [0.8809999999999999, 0.8759999999999999, 0.753, -0.2260000000000001, 99.99, 99.99, 99.99, 99.99, 99.99, -0.28300000000000014, -0.33100000000000007, -0.34700000000000003, -0.4403, -0.4552000000000001, 99.99, -1.0196, -1.1768, -1.2244, -1.3943, -1.4479, -1.6343, -1.6573000000000002, -1.7883000000000002, -1.8578999999999999]
  },
  {
    "name": "8308",
    "zkx": 40.83,
    "zky": 66.34979999996722,
    "zkz": 0.8792,
    "xyz": [0.8792, 99.99, 0.7142000000000001, -0.2608, 99.99, 99.99, 99.99, 99.99, 99.99, -0.33480000000000004, -0.3767999999999999, -0.39879999999999993, -0.4708, -0.4916000000000001, 99.99, 99.99, 99.99, 99.99, 99.99, 99.99, 99.99, 99.99, -1.0973, -1.1357000000000002]
  },
  {
    "name": "8309",
    "zkx": 44.998700000001115,
    "zky": 67.92909999996424,
    "zkz": 0.8521,
    "xyz": [0.8521, 99.99, 99.99, -0.33190000000000014, 99.99, 99.99, 99.99, 99.99, 99.99, -0.49090000000000017, -0.7904000000000001, -0.8271, -1.0291000000000001, -1.032, 99.99, 99.99, -1.6249, -1.6688, -1.7939000000000005, -1.8570000000000004, -2.0437, -2.0567, -2.1602000000000006, -2.1967000000000003]
  },
  {
    "name": "8310",
    "zkx": 43.426499999999066,
    "zky": 75.00880000002682,
    "zkz": 0.8345,
    "xyz": [0.8345, 0.5495, 0.41150000000000003, -0.9274999999999999, 99.99, 99.99, -0.9985, -1.0165, -1.2021, -1.2673999999999999, -1.7101, -1.7491000000000003, -1.8388, -1.8604000000000003, 99.99, -2.2325, -2.5631, -2.6126, -2.6995, -2.7595, -2.9116000000000004, -2.9313, -3.0266, -3.0881]
  },
  {
    "name": "9301",
    "zkx": 54.47910000000149,
    "zky": 73.01359999999404,
    "zkz": 0.9697,
    "xyz": [0.9697, 0.8097, 0.7437, -0.6063, 99.99, 99.99, 99.99, 99.99, 99.99, 99.99, 99.99, 99.99, 99.99, -0.6122999999999998, -0.7993000000000001, -0.8024000000000001, -1.2453, -1.3026, -1.3603, -1.4141, -1.5278, -1.5751, -1.7401000000000002, -2.4385]
  },
  {
    "name": "9302",
    "zkx": 59.02950000000186,
    "zky": 74.60570000000298,
    "zkz": 0.9801000000000001,
    "xyz": [0.9801000000000001, 0.8721000000000001, 0.7021000000000001, -0.7199, 99.99, 99.99, 99.99, 99.99, 99.99, 99.99, 99.99, 99.99, 99.99, -0.7848999999999999, -1.1043999999999998, -1.1199999999999999, -1.5937999999999999, -1.6704, -1.7109, -1.77, -1.9397000000000002, -1.9587, -2.0668, -2.6178000000000003]
  },
  {
    "name": "9304",
    "zkx": 61.10399999999907,
    "zky": 70.4060000000149,
    "zkz": 0.8495,
    "xyz": [0.8495, 0.6875, 0.5845, -0.5761999999999999, 99.99, 99.99, 99.99, 99.99, 99.99, 99.99, 99.99, -0.5860000000000001, -0.763, -0.7824999999999999, -1.0645, -1.0804, -1.5138, -1.5656, -1.61, -1.6561000000000001, -1.8411000000000002, -1.9025, -2.0410000000000004, -2.765]
  },
  {
    "name": "9801",
    "zkx": 49.37930000000168,
    "zky": 79.46359999999405,
    "zkz": 0.9045000000000001,
    "xyz": [0.9045000000000001, 0.7865000000000001, 0.6915, -0.8554999999999999, -1.0216, -1.6464999999999999, 99.99, -1.9955, -2.3077, -2.3599, -2.7834000000000003, -2.8365000000000005, -2.9166000000000003, -2.9408, 99.99, -3.2932, -3.6151, -3.6627000000000005, 99.99, -3.7206, 99.99, 99.99, -3.9206, -4.2788]
  },
  {
    "name": "BD-1",
    "zkx": 64.375,
    "zky": 78.00689999997616,
    "zkz": 0.9479000000000001,
    "xyz": [0.9479000000000001, 0.7899, 0.6239000000000001, -1.2084, 99.99, 99.99, 99.99, 99.99, 99.99, -1.2533999999999998, -1.4090999999999996, -1.4390999999999996, -1.525, -1.5431, -1.8940999999999997, -1.9220999999999997, -2.3571, -2.3706, -2.4053999999999998, -2.4378999999999995, -2.5973999999999995, -2.6477999999999997, -2.7281, -3.8207]
  },
  {
    "name": "D1",
    "zkx": 76.66399999999906,
    "zky": 80.7620000000298,
    "zkz": 0.9201,
    "xyz": [0.9201, 0.8506, 0.5856, -0.7974, 99.99, 99.99, 99.99, 99.99, 99.99, 99.99, 99.99, 99.99, 99.99, 99.99, 99.99, -0.7974, 99.99, -1.0718999999999999, -1.1095, -1.2, -1.2680999999999998, -1.3229000000000002, -1.4139, -1.9799]
  },
  {
    "name": "I-DD2",
    "zkx": 81.99720000000205,
    "zky": 97.13420000001788,
    "zkz": 0.8802,
    "xyz": [0.8802, 0.6652, 0.48719999999999997, -1.5488, 99.99, -1.6027, 99.99, -1.6562999999999999, 99.99, -1.6833, -1.9447999999999999, -1.9418, -2.1244, -2.1366, -2.4328, -2.4522999999999997, -2.813, -2.815, 99.99, 99.99, -2.8772, -2.9342, -4.8762, -5.0582]
  },
  {
    "name": "O2D-1",
    "zkx": 81.74430000000167,
    "zky": 84.75960000000894,
    "zkz": 0.8856,
    "xyz": [0.8856, 0.7306, 0.5316, -0.6289, 99.99, 99.99, 99.99, 99.99, 99.99, 99.99, 99.99, 99.99, 99.99, 99.99, 99.99, 99.99, 99.99, -0.9024, -1.1929, -1.2019, 99.99, 99.99, -1.4213999999999998, 99.99]
  },
  {
    "name": "O2D-2",
    "zkx": 74.74759999999776,
    "zky": 75.5304999999702,
    "zkz": 0.9476,
    "xyz": [0.9476, 0.8076000000000001, 0.6076, -0.8814, 99.99, 99.99, 99.99, 99.99, 99.99, 99.99, 99.99, -0.9354, 99.99, 99.99, -1.2644, -1.2684, -1.5424, -1.5734000000000001, -1.6989, -1.7524000000000002, -1.944, -1.9824000000000002, -2.0374, 99.99]
  },
  {
    "name": "O2D-3",
    "zkx": 47.20970000000205,
    "zky": 66.92840000003577,
    "zkz": 0.8636,
    "xyz": [0.8636, 0.8636, 0.7536, -0.1184, 99.99, 99.99, 99.99, 99.99, 99.99, 99.99, 99.99, -0.2914, 99.99, 99.99, 99.99, 99.99, 99.99, 99.99, -1.7959, -1.8643, -1.9484000000000001, 99.99, -2.0713999999999997, 99.99]
  },
  {
    "name": "奥观3",
    "zkx": 41.222129999999886,
    "zky": 67.76619999997318,
    "zkz": 0.8737999999999999,
    "xyz": [0.8737999999999999, 99.99, 99.99, 99.99, 99.99, 99.99, 99.99, 99.99, 99.99, 99.99, 99.99, -0.36119999999999997, -0.5238, -0.5403, 99.99, 99.99, -1.1642000000000001, -1.2202, -1.4382, -1.4922, -1.5962, -1.6241999999999999, -1.6772, 99.99]
  },
  {
    "name": "补7",
    "zkx": 57.74129999999888,
    "zky": 83.48560000002384,
    "zkz": 0.9215000000000001,
    "xyz": [0.9215000000000001, 0.7613, 0.6543000000000001, -1.5747, -1.6584999999999999, -1.8569, -1.9521000000000002, -2.2137000000000002, -2.3255999999999997, -2.3967, -2.8336, -2.8750999999999998, -2.9842, -3.0109, -3.3019, -3.3224, -3.7491000000000003, -3.8291000000000004, -3.8467000000000002, -3.9298, 99.99, 99.99, 99.99, 99.99]
  },
  {
    "name": "补8",
    "zkx": 75.82790000000037,
    "zky": 87.80789999999106,
    "zkz": 0.8808,
    "xyz": [0.8808, 0.7040000000000001, 0.5295000000000001, -1.2841, 99.99, 99.99, -1.3697, -1.4163, -1.4992, -1.5547, -1.9435, -1.9555, -2.0941, -2.102, -2.3661000000000003, -2.3895, -2.7807999999999997, -2.852, -2.8723, -2.9262, -3.0549, 99.99, 99.99, 99.99]
  },
  {
    "name": "补9",
    "zkx": 72.86060000000056,
    "zky": 94.30670000001788,
    "zkz": 0.8759999999999999,
    "xyz": [0.8759999999999999, 0.7021999999999999, 0.5382, -1.5007, -1.5977000000000001, -2.1879, -2.3399, -2.3866, -2.52, -2.5625999999999998, -2.96, -2.9688999999999997, 99.99, -3.0683999999999996, -3.1616000000000004, -3.1856, -3.4395, 99.99, -3.5453, -3.6069, -3.7086, -3.8161, 99.99, 99.99]
  },
  {
    "name": "补12",
    "zkx": 68.88729999999981,
    "zky": 86.61280000001192,
    "zkz": 0.9079999999999999,
    "xyz": [0.9079999999999999, 0.7713, 0.5855, -1.5846, -1.6715, 99.99, -1.6715, -1.8103, -1.9989000000000001, -2.0637, -2.4658, -2.4776, -2.6249999999999996, -2.6329000000000002, -2.9075, -2.9370999999999996, -3.3577, 99.99, -3.4345, -3.5261, -3.6581, 99.99, 99.99, 99.99]
  },
  {
    "name": "补13",
    "zkx": 66.74240000000223,
    "zky": 90.5939999999851,
    "zkz": 0.8915000000000001,
    "xyz": [0.8915000000000001, 0.7855, 0.5685, -1.6435, -1.7934999999999999, -2.1556, -2.3234, -2.5479, -2.7344999999999997, -2.7966, -3.1952, -3.2036000000000002, -3.3605, -3.3851, -3.6872000000000003, -3.7133999999999996, -4.109100000000001, 99.99, -4.1838999999999995, -4.2661, -4.4269, 99.99, 99.99, 99.99]
  },
  {
    "name": "补18",
    "zkx": 50.64899999999907,
    "zky": 84.7575,
    "zkz": 0.9034,
    "xyz": [0.9034, 0.7656000000000001, 0.6423000000000001, -0.8806, -0.9138, -1.7677, -1.8066, -1.8418999999999999, -2.0214, -2.0742, -2.2581, -2.2717, -2.3969, -2.4027000000000003, -2.5951999999999997, -2.603, -3.0236, 99.99, -3.0810999999999997, -3.1581, -3.3007, -3.3155, -3.4585000000000004, 99.99]
  },
  {
    "name": "补20",
    "zkx": 44.94069999999832,
    "zky": 83.94409999996424,
    "zkz": 0.8120999999999999,
    "xyz": [0.8120999999999999, 0.7798, 0.6647, -0.9234, -0.9564, -1.014, -1.1288, -1.4693, -1.5082, -1.5719999999999998, -1.9859, -2.0191, -2.1102000000000003, -2.1286, 99.99, 99.99, -2.8383999999999996, 99.99, -2.8882000000000003, -2.9447, -3.0473000000000003, 99.99, 99.99, 99.99]
  },
  {
    "name": "补27",
    "zkx": 82.8460999999987,
    "zky": 89.45579999998212,
    "zkz": 0.8865000000000001,
    "xyz": [0.8865000000000001, 0.7484999999999999, 0.5035000000000001, -0.8215, -0.8395, -0.9364, -0.9595999999999999, 99.99, -1.1219, -1.1798, -1.5673, -1.5693000000000001, 99.99, 99.99, -1.8411000000000002, -1.8595, -2.2121, 99.99, -2.2782, -2.3449, -2.4985, -2.5458000000000003, -2.6546, 99.99]
  },
  {
    "name": "补30",
    "zkx": 55.21100000000093,
    "zky": 73.66469999998807,
    "zkz": 0.9653,
    "xyz": [0.9653, 0.8559, 0.7362000000000001, -0.58, 99.99, 99.99, 99.99, 99.99, 99.99, 99.99, 99.99, -0.5971, -0.7046999999999999, -0.7261, 99.99, 99.99, -1.5345, 99.99, -1.5491, -1.591, -1.7384, 99.99, 99.99, 99.99]
  },
  {
    "name": "补48",
    "zkx": 54.18899999999907,
    "zky": 84.18759999997914,
    "zkz": 0.9111,
    "xyz": [0.9111, 0.7722, 0.6624, -1.1655, -1.2254, -1.6562000000000001, -1.7719999999999998, -2.0379, -2.1655999999999995, -2.2464, -2.6852, -2.7357, -2.8184000000000005, -2.8374, -3.1742000000000004, -3.1917, -3.6172000000000004, -3.6914999999999996, -3.6938999999999997, -3.7824, -3.9137, -3.9249, -4.0473, 99.99]
  },
  {
    "name": "补49",
    "zkx": 48.219500000001865,
    "zky": 84.54329999998212,
    "zkz": 0.888,
    "xyz": [0.888, 0.7701, 0.6413, -0.7645000000000001, -0.8523000000000001, -1.1521, -1.3652000000000002, -1.6362, -1.7216, -1.7937, -2.2284, -2.2697, -2.3623000000000003, -2.3787000000000003, 99.99, 99.99, -3.1763, -3.2312, -3.2387, -3.3081, -3.4101999999999997, -3.4410000000000003, -3.4957, 99.99]
  },
  {
    "name": "冲1",
    "zkx": 81.90100000000093,
    "zky": 88.80219999998808,
    "zkz": 0.8892,
    "xyz": [0.8892, 0.7020000000000001, 0.526, 99.99, 99.99, 99.99, 99.99, 99.99, 99.99, 99.99, 99.99, -0.9871, 99.99, 99.99, 99.99, 99.99, 99.99, 99.99, 99.99, 99.99, 99.99, 99.99, 99.99, 99.99]
  },
  {
    "name": "冲2",
    "zkx": 78.40290000000037,
    "zky": 93.81310000002384,
    "zkz": 0.8856,
    "xyz": [0.8856, 0.7292000000000001, 0.5357, -1.4883000000000002, 99.99, 99.99, 99.99, 99.99, 99.99, 99.99, -1.5451, -1.6224, 99.99, 99.99, 99.99, 99.99, 99.99, 99.99, 99.99, 99.99, 99.99, 99.99, 99.99, 99.99]
  },
  {
    "name": "冲3",
    "zkx": 86.85319999999832,
    "zky": 83.42960000000895,
    "zkz": 0.8398,
    "xyz": [0.8398, 0.706, 0.5458, -0.8873000000000001, 99.99, 99.99, 99.99, 99.99, 99.99, 99.99, 99.99, -1.0012999999999999, 99.99, 99.99, 99.99, 99.99, 99.99, 99.99, 99.99, 99.99, 99.99, 99.99, 99.99, 99.99]
  },
  {
    "name": "冲12",
    "zkx": 67.74580000000074,
    "zky": 88.79770000003278,
    "zkz": 0.9028,
    "xyz": [0.9028, 0.7589, 0.5648, -1.6888999999999998, -1.7328999999999999, -1.7449000000000001, 99.99, 99.99, 99.99, 99.99, 99.99, 99.99, 99.99, 99.99, 99.99, 99.99, 99.99, 99.99, 99.99, 99.99, 99.99, 99.99, 99.99, 99.99]
  },
  {
    "name": "冲16",
    "zkx": 80.42169999999925,
    "zky": 91.69630000002682,
    "zkz": 0.8769,
    "xyz": [0.8769, 0.8769, 0.5053, -1.15, -1.1674, 99.99, 99.99, 99.99, -1.4700000000000002, -1.5338999999999998, -1.9265999999999999, -1.9409999999999998, -2.0991000000000004, -2.1161000000000003, -2.3468999999999998, -2.3694, -2.5559, 99.99, -2.5631, -2.6419, -2.8225, -2.8815, 99.99, 99.99]
  },
  {
    "name": "冲17",
    "zkx": 77.33600000000094,
    "zky": 96.30119999997318,
    "zkz": 0.873,
    "xyz": [0.873, 0.6901, 0.473, -1.4786000000000001, 99.99, 99.99, -1.5996000000000001, -1.6069, -1.7585, -1.8237999999999999, 99.99, 99.99, 99.99, 99.99, 99.99, 99.99, 99.99, 99.99, 99.99, 99.99, 99.99, 99.99, 99.99, 99.99]
  },
  {
    "name": "冲22",
    "zkx": 74.14770000000019,
    "zky": 75.52009999997914,
    "zkz": 0.9475,
    "xyz": [0.9475, 0.7888, 0.5725, -0.8641, 99.99, 99.99, 99.99, 99.99, 99.99, 99.99, 99.99, 99.99, 99.99, -0.877, -1.1953, -1.2119, 99.99, 99.99, 99.99, 99.99, 99.99, 99.99, 99.99, 99.99]
  },
  {
    "name": "冲23",
    "zkx": 70.81299999999814,
    "zky": 82.54820000000298,
    "zkz": 0.9771,
    "xyz": [0.9771, 0.8118000000000001, 0.5789, -1.1055, 99.99, -1.2988, -1.2013, -1.3694, -1.5278999999999998, -1.5944, -1.8363999999999998, -1.8788999999999998, -1.9784, -1.9956, -2.3033, -2.3224, -2.6747, 99.99, -2.7114000000000003, -2.799, -2.927, -2.9517, -3.0139, 99.99]
  },
  {
    "name": "扩7",
    "zkx": 80.82879999999888,
    "zky": 96.80560000002384,
    "zkz": 0.8787999999999999,
    "xyz": [0.8787999999999999, 0.7101000000000001, 0.4902, -1.4534, 99.99, 99.99, 99.99, 99.99, -1.6152000000000002, -1.6375, -2.0334, -2.0474, -2.2186000000000003, -2.2316, -2.5277000000000003, -2.5458000000000003, -2.9309, -3.0042, -3.0501, -3.1188, -3.2598000000000003, 99.99, 99.99, 99.99]
  },
  {
    "name": "扩9",
    "zkx": 79.97580000000075,
    "zky": 77.78759999997914,
    "zkz": 0.9301999999999999,
    "xyz": [0.9301999999999999, 0.7728, 0.591, -0.9212, 99.99, 99.99, 99.99, 99.99, 99.99, 99.99, 99.99, 99.99, 99.99, 99.99, 99.99, 99.99, 99.99, 99.99, -2.1769, -2.1858, 99.99, 99.99, 99.99, 99.99]
  },
  {
    "name": "扩17",
    "zkx": 58.54410000000149,
    "zky": 81.00670000001789,
    "zkz": 0.9337000000000001,
    "xyz": [0.9337000000000001, 0.777, 0.6363, -1.4945, -1.5575999999999999, -1.9827000000000001, -2.1363, -2.3617, -2.4667, -2.5382, -2.9241, -2.9651, -3.0141999999999998, -3.0291, -3.3731, 99.99, 99.99, 99.99, -3.7186000000000003, -3.7645, -3.7883999999999998, -3.8085000000000004, 99.99, 99.99]
  },
  {
    "name": "扩23",
    "zkx": 46.797599999997765,
    "zky": 77.89670000001789,
    "zkz": 0.8419,
    "xyz": [0.8419, 0.8099, 0.6794, -0.8205, 99.99, 99.99, 99.99, -1.0605, -1.3106, -1.3703, -1.7343000000000002, -1.7630000000000001, -1.8517000000000001, -1.8737000000000001, 99.99, 99.99, -2.5219, -2.5450999999999997, -2.747, -2.8, 99.99, 99.99, 99.99, 99.99]
  },
  {
    "name": "扩24",
    "zkx": 57.62959999999963,
    "zky": 66.28869999997318,
    "zkz": 1.0056,
    "xyz": [1.0056, 0.8434, 0.7273000000000001, -0.0358, -0.059800000000000006, -0.09300000000000001, -0.1888, 99.99, -0.2260000000000001, -0.2749, 99.99, 99.99, -0.5175, -0.5297, 99.99, 99.99, 99.99, 99.99, 99.99, 99.99, -1.0362, -1.0495999999999999, 99.99, 99.99]
  },
  {
    "name": "扩27",
    "zkx": 47.778999999999066,
    "zky": 70.37119999997317,
    "zkz": 0.8525,
    "xyz": [0.8525, 0.8525, 0.7175, -0.306, 99.99, 99.99, 99.99, -0.41600000000000004, -0.5315000000000001, -0.5968, -1.0748, -1.0926, -1.1721000000000001, -1.1911, 99.99, 99.99, -1.8578700000000001, -1.8922700000000001, -2.03477, -2.10837, 99.99, 99.99, 99.99, 99.99]
  },
  {
    "name": "扩31",
    "zkx": 54.61629999999888,
    "zky": 75.23090000003576,
    "zkz": 0.9620000000000001,
    "xyz": [0.9620000000000001, 0.818, 0.7120000000000001, -0.638, 99.99, 99.99, 99.99, 99.99, 99.99, 99.99, 99.99, 99.99, -0.7918999999999999, -0.8115000000000001, -1.2494, -1.2649, -1.6861000000000002, -1.7213999999999998, -1.8057000000000005, -1.8727, 99.99, 99.99, 99.99, 99.99]
  },
  {
    "name": "扩33",
    "zkx": 53.05560000000056,
    "zky": 67.72820000000299,
    "zkz": 0.9943000000000001,
    "xyz": [0.9943000000000001, 0.8693000000000001, 0.7568, -0.09970000000000001, 99.99, 99.99, 99.99, 99.99, 99.99, 99.99, 99.99, 99.99, 99.99, -0.1597, 99.99, 99.99, -0.6981999999999999, -0.7339, -0.9417, -1.0019, -1.0139, -1.1088, 99.99, 99.99]
  },
  {
    "name": "西水1",
    "zkx": 52.93100000000093,
    "zky": 81.2320000000298,
    "zkz": -1.8911000000000002,
    "xyz": [-1.8911000000000002, 99.99, 99.99, 99.99, 99.99, 99.99, 99.99, 99.99, 99.99, 99.99, -2.0941, 99.99, 99.99, 97.8679, 99.99, 99.99, -2.7861000000000002, -2.8291000000000004, -2.8711, -2.9170999999999996, -3.0770999999999997, -3.0951, -3.1341, 99.99]
  },
  {
    "name": "邢10",
    "zkx": 89.71689999999944,
    "zky": 92.54560000002384,
    "zkz": 0.8781,
    "xyz": [0.8781, 0.5664, 0.4072, -0.49950000000000006, 99.99, 99.99, 99.99, 99.99, 99.99, 99.99, 99.99, 99.99, -0.9443, -0.958, -1.229, -1.2488, -1.537, -1.5612000000000001, -1.7542000000000002, -1.8054, -1.9813999999999998, -1.9996, -2.0106, 99.99]
  },
  {
    "name": "4010",
    "zkx": 84.22,
    "zky": 103.75030000001192,
    "zkz": 0.8362,
    "xyz": [0.8362, 0.6376000000000001, 0.46330000000000005, -1.2785, 99.99, 99.99, -1.3137999999999999, -1.5761, -1.6348999999999998, -1.6898, -2.0545, -2.0743, -2.2249, -2.2368, -2.5506, 99.99, 99.99, 99.99, 99.99, 99.99, 99.99, 99.99, -2.7956, -3.0692000000000004]
  },
  {
    "name": "4014",
    "zkx": 64.12970000000205,
    "zky": 66.01840000003577,
    "zkz": 0.986,
    "xyz": [0.986, 0.8444999999999999, 0.6813999999999999, -0.38960000000000006, -0.40409999999999996, -1.4586000000000001, -1.4898000000000002, 99.99, -1.8975, -1.9328, -2.3556000000000004, -2.3994000000000004, 99.99, 99.99, 99.99, 99.99, 99.99, 99.99, 99.99, 99.99, 99.99, 99.99, 99.99, 99.99]
  },
  {
    "name": "4018",
    "zkx": 75.7,
    "zky": 99.9729999999702,
    "zkz": 0.863,
    "xyz": [0.863, 0.6755, 0.5235, -1.2855, -1.4005, -1.8882999999999999, -2.1955, 99.99, -2.5146, -2.5756, -2.9646, -2.9803999999999995, -3.1456, -3.1563999999999997, -3.4988, -3.5095, 99.99, 99.99, 99.99, 99.99, 99.99, 99.99, 99.99, 99.99]
  },
  {
    "name": "4027",
    "zkx": 66.63,
    "zky": 91.21,
    "zkz": 0.888,
    "xyz": [0.888, 0.7458, 0.5609999999999999, -1.6060000000000003, -1.7358999999999998, -2.23, -2.2859999999999996, -2.7464, -2.8724000000000003, -2.9351, -3.3211, -3.3311, -3.5258999999999996, -3.5395, -3.8327999999999998, -3.8552, -4.3169, 99.99, -4.390899999999999, -4.478599999999999, 99.99, 99.99, 99.99, 99.99]
  },
  {
    "name": "4029",
    "zkx": 95.71649999999907,
    "zky": 105.51979999996722,
    "zkz": 0.7594,
    "xyz": [0.7594, 0.6622, 0.4144, -1.1625999999999999, 99.99, 99.99, 99.99, 99.99, 99.99, 99.99, 99.99, -1.2706, -1.3669, -1.3719999999999999, -1.7785, -1.7815, -2.1315, -2.1778000000000004, -2.2447999999999997, -2.2988999999999997, -2.4732, -2.5275, -2.5883999999999996, -3.1817]
  },
  {
    "name": "4041",
    "zkx": 99.73,
    "zky": 99.26,
    "zkz": 0.7626000000000001,
    "xyz": [0.7626000000000001, 0.6326, 0.14260000000000006, -0.8123999999999999, 99.99, 99.99, 99.99, 99.99, 99.99, 99.99, 99.99, 99.99, 99.99, 99.99, 99.99, 99.99, -1.3735000000000002, -1.4251999999999998, -1.4960999999999998, -1.5433999999999997, -1.7286000000000001, 99.99, 99.99, 99.99]
  },
  {
    "name": "4047",
    "zkx": 82.11,
    "zky": 74.32,
    "zkz": 0.95,
    "xyz": [0.95, 0.8223, 0.6133, -0.59, 99.99, 99.99, 99.99, 99.99, 99.99, 99.99, 99.99, 99.99, 99.99, 99.99, 99.99, 99.99, 99.99, -0.6809999999999999, -0.8012, -0.8762000000000001, 99.99, -1.0187, -1.1209, -1.1909]
  },
  {
    "name": "4051",
    "zkx": 42.96,
    "zky": 92.61,
    "zkz": 0.7887000000000001,
    "xyz": [0.7887000000000001, 0.7413000000000001, 99.99, 99.99, 99.99, 99.99, 99.99, 99.99, 99.99, 99.99, 99.99, 99.99, 99.99, 99.99, 99.99, 99.99, 99.99, 99.99, 99.99, 99.99, 99.99, 99.99, -0.6666, -0.7094999999999999]
  },
  {
    "name": "4055",
    "zkx": 72.33,
    "zky": 68.75,
    "zkz": 0.966,
    "xyz": [0.966, 0.8003999999999999, 0.606, -0.8451000000000002, 99.99, 99.99, 99.99, 99.99, 99.99, 99.99, 99.99, -0.8488, -0.9206000000000002, -0.9442000000000002, -1.1805, -1.1987999999999999, -1.5528, -1.6027, -1.7264, -1.7754999999999999, 99.99, 99.99, 99.99, 99.99]
  },
  {
    "name": "4057",
    "zkx": 36.43,
    "zky": 73.69,
    "zkz": 0.8442000000000001,
    "xyz": [0.8442000000000001, 0.8442000000000001, 0.7068000000000001, -0.23849999999999993, 99.99, 99.99, 99.99, 99.99, 99.99, 99.99, 99.99, 99.99, 99.99, 99.99, 99.99, 99.99, 99.99, 99.99, 99.99, 99.99, 99.99, 99.99, -0.3208, -0.3753]
  },
  {
    "name": "8311",
    "zkx": 44.712000000001865,
    "zky": 88.86969999998809,
    "zkz": 0.8003,
    "xyz": [0.8003, 0.7565000000000001, 0.6103000000000001, -0.5657, 99.99, 99.99, 99.99, 99.99, 99.99, 99.99, 99.99, 99.99, 99.99, 99.99, 99.99, 99.99, 99.99, 99.99, 99.99, 99.99, 99.99, 99.99, -0.7377000000000001, -0.7916999999999998]
  },
  {
    "name": "8601",
    "zkx": 52.150099999997764,
    "zky": 95.00479999996722,
    "zkz": 0.8758,
    "xyz": [0.8758, 0.7707999999999999, 0.5708, -1.1317, -1.1917, -3.9862, -4.0051, 99.99, -4.3465, -4.4107, -4.7986, -4.8106, -5.0046, -5.0265, -5.289699999999999, -5.306699999999999, -5.682799999999999, -5.745999999999999, -5.7767, -5.832199999999999, -5.959199999999999, -5.992999999999999, -6.0612, -6.129699999999999]
  },
  {
    "name": "补6",
    "zkx": 79.69529999999796,
    "zky": 100.84929999999702,
    "zkz": 0.8565,
    "xyz": [0.8565, 0.6549, 0.4518000000000001, -1.3195, -1.3988999999999998, -1.5156, -1.7092999999999998, -1.8314000000000001, -1.9817999999999998, -2.0336999999999996, -2.4334000000000002, -2.4421, -2.6001, -2.6090999999999998, -2.9382000000000006, -2.9593999999999996, -3.3914, -3.4455999999999993, -3.4944, -3.5701, 99.99, 99.99, -3.7788999999999997, -4.2797]
  },
  {
    "name": "补11",
    "zkx": 64.73890000000131,
    "zky": 95.35189999997615,
    "zkz": 0.8652,
    "xyz": [0.8652, 0.7241, 0.5052, -1.7918, -1.8625999999999998, -3.2264000000000004, -3.4674, -3.6579, -3.807400000000001, -3.8714000000000004, -4.2321, -4.2439, -4.408399999999999, -4.428999999999999, -4.7539, -4.7682, -5.1151, 99.99, -5.2084, -5.2673000000000005, 99.99, 99.99, 99.99, 99.99]
  },
  {
    "name": "补21",
    "zkx": 78.77609999999869,
    "zky": 104.59609999999404,
    "zkz": 0.8371,
    "xyz": [0.8371, 0.6420999999999999, 0.46709999999999996, -1.3542, -1.3988999999999998, -1.6482999999999999, -1.8324, -2.0255, -2.1237, -2.1859, -2.5538, -2.5667, -2.7152, -2.7261, -3.1349, -3.1575, -3.5536000000000003, -3.6095000000000006, -3.6726000000000005, -3.7394, -3.9274, -4.0079, 99.99, 99.99]
  },
  {
    "name": "补32",
    "zkx": 71.18350000000093,
    "zky": 98.10509999997913,
    "zkz": 0.8673000000000001,
    "xyz": [0.8673000000000001, 0.6757000000000001, 0.5521, -1.4890999999999996, -1.5483999999999998, -2.5191, -2.7103999999999995, 99.99, -3.0274, -3.0953, -3.4671, -3.4794, -3.6376999999999997, -3.6485999999999996, -3.9229, -3.95, -4.3474, -4.429600000000001, -4.4357, -4.5116, -4.6513, -4.728299999999999, 99.99, 99.99]
  },
  {
    "name": "补39",
    "zkx": 74.34049999999814,
    "zky": 101.04770000003278,
    "zkz": 0.8641,
    "xyz": [0.8641, 99.99, 99.99, 99.99, 0.8641, 0.10890000000000001, 0.021400000000000006, -0.1414, -0.24790000000000006, -0.31490000000000007, -0.7180000000000001, -0.7328999999999999, -0.8811000000000001, -0.8931999999999999, -1.2383, -1.2556, -1.6573, -1.7091999999999998, -1.7339000000000002, -1.7804, 99.99, 99.99, 99.99, 99.99]
  },
  {
    "name": "补52",
    "zkx": 84.46549999999814,
    "zky": 103.7954999999702,
    "zkz": 0.8447,
    "xyz": [0.8447, 0.6355, 0.4617, -1.2687, 99.99, -1.2888, -1.3226, 99.99, -1.6378, -1.6909, -2.0549, -2.0663, -2.2246, -2.2359, 99.99, 99.99, 99.99, -2.3941999999999997, -2.5115, -2.5676, -2.7503999999999995, -2.7728999999999995, -3.3110000000000004, -3.3570000000000007]
  },
  {
    "name": "补57",
    "zkx": 57.688900000001304,
    "zky": 65.11590000003577,
    "zkz": 1.0106,
    "xyz": [1.0106, 0.8416, 0.7204999999999999, -0.0559, 99.99, 99.99, -0.08410000000000001, 99.99, -0.43519999999999986, -0.4842, -0.8390000000000001, -0.8572, 99.99, -1.1016, -1.3055, -1.306, 99.99, 99.99, 99.99, 99.99, 99.99, 99.99, -1.5569, 99.99]
  },
  {
    "name": "补61",
    "zkx": 102.94919999999925,
    "zky": 95.88030000001191,
    "zkz": 0.7965000000000001,
    "xyz": [0.7965000000000001, 0.5969, 0.5428000000000001, -0.6655, 99.99, 99.99, 99.99, 99.99, 99.99, 99.99, 99.99, 99.99, 99.99, 99.99, 99.99, -0.745, -0.7890999999999999, -0.8053, -0.8760999999999999, -0.9073, -1.1401000000000001, -1.151, -1.1757, 99.99]
  },
  {
    "name": "补62",
    "zkx": 102.20810000000056,
    "zky": 97.5139999999851,
    "zkz": 0.7881,
    "xyz": [0.7881, 0.6087, 0.5093, -0.7148, 99.99, 99.99, 99.99, 99.99, 99.99, 99.99, 99.99, 99.99, 99.99, 99.99, 99.99, -0.7376, -0.9283, -0.9611, -1.0603, -1.1159999999999999, 99.99, 99.99, 99.99, 99.99]
  },
  {
    "name": "补63",
    "zkx": 76.31850000000094,
    "zky": 70.9185000000149,
    "zkz": 0.9581999999999999,
    "xyz": [0.9581999999999999, 0.8062, 0.6382, -0.7095, 99.99, 99.99, 99.99, 99.99, 99.99, 99.99, 99.99, 99.99, 99.99, -0.7291, -0.9281999999999999, -0.9451, -1.2684, -1.3075999999999999, -1.4516999999999998, -1.5225, -1.7345, -1.7545, -1.8281999999999998, 99.99]
  },
  {
    "name": "补64",
    "zkx": 58.53600000000093,
    "zky": 62.23460000000894,
    "zkz": 1.0149,
    "xyz": [1.0149, 0.8651000000000001, 0.7378, -0.0546, 99.99, 99.99, -0.08839999999999999, -0.45189999999999997, -0.4616000000000001, -0.516, 99.99, 99.99, 99.99, 99.99, 99.99, 99.99, 99.99, 99.99, 99.99, 99.99, 99.99, 99.99, -0.645, 99.99]
  },
  {
    "name": "冲4",
    "zkx": 31.399900000002233,
    "zky": 57.677199999988076,
    "zkz": 0.9129999999999999,
    "xyz": [0.9129999999999999, 0.7441, 0.605, -1.4399000000000002, 99.99, 99.99, 99.99, 99.99, 99.99, -1.5244, -1.9964, -2.0205, 99.99, 99.99, 99.99, 99.99, 99.99, 99.99, 99.99, 99.99, 99.99, 99.99, 99.99, 99.99]
  },
  {
    "name": "冲6",
    "zkx": 99.08240000000224,
    "zky": 90.35759999997914,
    "zkz": 0.7943000000000001,
    "xyz": [0.7943000000000001, 0.6545000000000001, 0.5373, -0.6097, 99.99, 99.99, 99.99, 99.99, 99.99, 99.99, 99.99, 99.99, 99.99, 99.99, 99.99, 99.99, 99.99, 99.99, 99.99, 99.99, 99.99, 99.99, 99.99, 99.99]
  },
  {
    "name": "冲8",
    "zkx": 102.28899999999906,
    "zky": 96.85859999999404,
    "zkz": 0.7912,
    "xyz": [0.7912, 0.6666, 0.5414, -0.6911, 99.99, 99.99, 99.99, 99.99, 99.99, 99.99, 99.99, 99.99, 99.99, 99.99, 99.99, -0.7318000000000001, -0.96, -0.9945, -1.0943, -1.1553, 99.99, 99.99, 99.99, 99.99]
  },
  {
    "name": "冲9",
    "zkx": 98.03100000000093,
    "zky": 102.29210000000894,
    "zkz": 0.7743000000000001,
    "xyz": [0.7743000000000001, 0.6115999999999999, 0.41369999999999996, -0.9490000000000001, 99.99, 99.99, 99.99, -0.9734999999999999, -1.0848999999999998, -1.1477, 99.99, 99.99, 99.99, -1.3544999999999998, -1.364, -1.3736000000000002, -1.7247999999999999, -1.7907, 99.99, 99.99, 99.99, 99.99, 99.99, 99.99]
  },
  {
    "name": "扩2",
    "zkx": 96.28990000000223,
    "zky": 103.8345000000298,
    "zkz": 0.7626999999999999,
    "xyz": [0.7626999999999999, 0.6064, 0.4192, -1.0972, 99.99, 99.99, 99.99, 99.99, 99.99, -1.1775, 99.99, -1.347, -1.4845, -1.4950999999999999, 99.99, -1.7899, -1.9774, -2.0267, -2.1, -2.1527000000000003, 99.99, 99.99, 99.99, 99.99]
  },
  {
    "name": "扩4",
    "zkx": 88.72089999999851,
    "zky": 104.1229999999702,
    "zkz": 0.7486,
    "xyz": [0.7486, 0.6234000000000001, 0.4509, -1.3385, 99.99, 99.99, 99.99, 99.99, 99.99, -1.3708, -1.6725, -1.6972999999999998, -1.8551999999999997, -1.8652000000000002, -2.1851, -2.2096, -2.5737, -2.6455, -2.6933, -2.7558999999999996, -2.9449, -2.9865, 99.99, 99.99]
  },
  {
    "name": "扩6",
    "zkx": 92.32589999999851,
    "zky": 84.78439999997616,
    "zkz": 0.8233,
    "xyz": [0.8233, 0.6984999999999999, 0.5268999999999999, -0.8632, 99.99, 99.99, 99.99, 99.99, 99.99, 99.99, 99.99, 99.99, 99.99, 99.99, 99.99, 99.99, 99.99, -0.9006000000000001, -1.0216, 1.0907, 99.99, 99.99, -1.3862, 99.99]
  },
  {
    "name": "扩12",
    "zkx": 70.65049999999813,
    "zky": 71.33920000001788,
    "zkz": 0.9667,
    "xyz": [0.9667, 0.8209000000000001, 0.6327, -0.8432999999999999, 99.99, 99.99, 99.99, 99.99, 99.99, -0.8453, -1.0083, -1.0318, -1.1017, -1.1197, -1.5047, -1.5283000000000002, -1.89, -1.9113, -2.0073999999999996, -2.0659, -2.3413999999999997, -2.3561, -2.4171, 99.99]
  },
  {
    "name": "扩13",
    "zkx": 58.33560000000056,
    "zky": 94.2770000000298,
    "zkz": 0.8787999999999999,
    "xyz": [0.8787999999999999, 0.7134999999999999, 0.5438000000000001, -1.6976, -1.7775999999999998, -4.0226, -4.0569999999999995, 99.99, -4.3259, -4.3914, -4.6729, -4.6826, -4.8382000000000005, -4.851, -5.0955, -5.1079, -5.5104999999999995, 99.99, -5.6012, -5.6907000000000005, 99.99, 99.99, 99.99, 99.99]
  },
  {
    "name": "扩22",
    "zkx": 52.03520000000019,
    "zky": 61.49340000003576,
    "zkz": 0.8969,
    "xyz": [0.8969, 0.7889, 0.6855, -0.1232, 99.99, 99.99, 99.99, 99.99, 99.99, 99.99, 99.99, 99.99, 99.99, 99.99, 99.99, 99.99, 99.99, -0.22260000000000002, -0.4462000000000002, -0.5039, 99.99, 99.99, -0.7436, 99.99]
  },
  {
    "name": "扩28",
    "zkx": 46.78299999999814,
    "zky": 94.11469999998808,
    "zkz": 0.8964,
    "xyz": [0.8964, 0.7348, 0.5954999999999999, 99.99, -1.0962, -2.042, -2.1056, 99.99, -2.4759, -2.5278, -2.8196, -2.8343000000000003, -2.9958, -3.012, -3.2064999999999997, -3.2281, -3.548, 99.99, -3.6067, -3.6543, -3.7422000000000004, 99.99, 99.99, 99.99]
  },
  {
    "name": "扩34",
    "zkx": 63.710099999997766,
    "zky": 67.45969999998808,
    "zkz": 0.9841,
    "xyz": [0.9841, 0.8741, 0.6770999999999999, -0.45289999999999997, 99.99, 99.99, -0.4546, 99.99, -0.7189, -0.7653, 99.99, 99.99, -0.7971, 99.99, 99.99, 99.99, 99.99, 99.99, -1.0759, 99.99, 99.99, 99.99, -1.1467, 99.99]
  }
]
